54470872
29804625
31283862
9450114
13302408
5755255
55526842
21184805
40965627
5378979
19105150
34827649
54940906
38281747
34211120
45587048
142251
30781994
30746824
15748568
54352702
20410874
17343539
7907597
45802376
21273460
41362700
24260898
11483020
1231274
24253609
10240964
16085610
23202496
19079031
38505788
50606574
13904893
7709022
4855128
9914910
26181563
54428580
31241303
36181886
766293
19503496
43749261
13437542
10179384
34305692
11550669
32942752
28733692
54124331
33248825
22286543
29538949
7952589
1525340
34278209
48833631
18204088
43203954
2325577
17056867
48067805
26117115
36754476
15495257
37715548
28684384
44072367
28903970
42255461
29970143
9320957
44044561
32471709
12251627
39970994
53655519
39815639
42357204
5365749
35303006
41039813
36111473
22928735
17883978
25896611
20858848
26765789
53042306
14599432
26903896
31161098
4112258
24169660
7181494
