175424533
145439432
181656357
178157243
193894690
190430218
195481603
191019716
192169806
186475472
189172113
199936106
190917083
178808607
179501477
180307833
197602410
197108201
175990802
145644599
199961625
192391947
145927623
144068686
182874671
182860403
180075342
179417797
198377510
173836543
199351524
183204075
194719167
195774153
179375617
181803678
175203657
187590196
175436067
186028053
104745894
196407144
197838205
187674677
143667921
176947310
197164123
175200923
174680581
182626867
176416720
173633900
174655966
190313876
177281118
174038543
194213682
196154027
196351608
181571919
180307449
194117988
196996285
198150625
177285929
195047025
177383790
180196312
188296940
182860960
189559853
188493013
197468452
177214670
177950620
145411223
188294709
186377054
176061431
183967033
181584520
182446506
183654675
178944912
181734563
192492305
188841666
196933531
188414410
194154540
192751981
179022905
197024264
181824531
186083028
178460425
193436636
177737971
185730395
187624454
