247526190
254233903
298346058
226625516
213668578
216327833
231130028
276397452
217087442
290401439
284321962
201342234
249230528
291133498
279312211
213136453
207860855
209986988
238090657
237885768
294428824
271401444
224684086
256682851
243354201
240634892
265052590
276341072
266553145
222901644
222114779
285040158
270377114
215097590
270234247
261453298
203429092
284587337
200618540
273709938
298005815
246612123
237856437
244936633
266340089
281164264
248378049
255765508
243126713
222646158
289385649
260727471
207893637
201628969
262520979
209807351
280796515
222495026
240419037
255924309
241708486
290920717
216236992
287968893
272827898
211773637
213845462
201649956
223324774
280555145
224868128
283639602
230990376
261273588
225530167
252638129
247954529
287579837
231648863
275404980
294097643
225852643
208092640
297728803
290980806
276531143
272572120
291726389
201198576
274659183
290082084
216566308
239436788
225183583
236527353
250618532
249456612
217240476
223389743
209873549
